file,level,abs_comp_ratio,rel_comp_ratio,rel_comp_time
xml,1,0.17653181872605364,0.9744192386491309,0.7379032258064516
xml,2,0.16029019995210728,0.9618891195327945,0.7113821138211383
xml,3,0.15089069234913793,0.9759259192037258,0.6211453744493393
xml,4,0.14216972731082375,0.9368891223086862,0.6030927835051546
xml,5,0.13514184476772031,0.9834706580695755,0.5144508670520231
xml,6,0.1292961266762452,0.9971806925050283,0.45454545454545453
xml,7,0.1260319384578544,0.9924528468663035,0.5046728971962616
xml,8,0.13196651999521072,1.061626909474001,1.7142857142857142
xml,9,0.12711083423132183,1.0234764060988946,2.125
mr,1,0.37614903229145313,0.9801621608624884,0.5989010989010989
mr,2,0.37000996132214786,0.971355961746162,0.6089743589743589
mr,3,0.3665088554669525,0.9942150359006225,0.48484848484848486
mr,4,0.3640789026578637,0.9862624248261509,0.6090909090909091
mr,5,0.3680657383072813,0.991964698409266,0.3894736842105263
mr,6,0.3667559829112977,0.994665669307402,0.28
mr,7,0.36597819341012205,0.9935632291569382,0.3090909090909091
mr,8,0.3573432756662512,0.9724449980785355,0.42857142857142855
mr,9,0.34768996016674686,0.946146325966489,0.47058823529411764
x-ray,1,0.7084532654255721,0.9942839795916508,0.5660377358490566
x-ray,2,0.7078871969639755,0.9994505260155438,0.5288461538461539
x-ray,3,0.7078789366362057,1.004478405945354,0.4423076923076923
x-ray,4,0.7078787006268409,0.984483562219363,0.3619047619047619
x-ray,5,0.7068807350275659,0.9890969896020827,0.3522727272727273
x-ray,6,0.7068789649573295,0.9904451848116335,0.3333333333333333
x-ray,7,0.7068789649573295,0.9904545193752704,0.32954545454545453
x-ray,8,0.6991255853032249,0.9795909121572912,0.8285714285714286
x-ray,9,0.6866247592704479,0.9620751813163774,1.0357142857142858
webster,1,0.33451750769916755,0.9236776814479122,0.574585635359116
webster,2,0.32173483574727363,0.9341803447921339,0.5859872611464968
webster,3,0.31475410603172993,0.9550531437029881,0.5036496350364964
webster,4,0.3080612049055177,0.9797753143426666,0.5603448275862069
webster,5,0.29976357436941525,0.9956462639097597,0.46875
webster,6,0.2962063719166516,1.0021901506468154,0.3924050632911392
webster,7,0.29391155820769405,1.0011794587340213,0.43103448275862066
webster,8,0.2901703171949204,0.9929496123314391,1.1176470588235294
webster,9,0.2843304335883349,0.9729841873172503,1.5833333333333333
geo.protodata,1,0.14620366310250615,0.9209114569501248,1.1625615763546797
geo.protodata,2,0.13956724120484365,0.9239142570056939,1.155
geo.protodata,3,0.13630384187270214,0.9228661147587782,1.1526315789473685
geo.protodata,4,0.1327706007353189,0.9742590186250851,0.6912442396313364
geo.protodata,5,0.13032515937531622,0.9964539007092199,0.655
geo.protodata,6,0.12833507606165886,1.0062148760330578,0.5869565217391305
geo.protodata,7,0.12720511350220934,1.0,0.5828220858895705
geo.protodata,8,0.13008904779572975,1.0306654195617317,2.3529411764705883
geo.protodata,9,0.1289169224542112,1.0213789417423838,2.689655172413793
tulip_PNG9011,1,0.12622495674709527,0.8715776042555868,0.5684931506849316
tulip_PNG9011,2,0.12313755497299418,0.8808096510253284,0.47794117647058826
tulip_PNG9011,3,0.12070537207908694,0.9070910264434361,0.3446808510638298
tulip_PNG9011,4,0.11813915235368025,0.9717727907686214,0.4787234042553192
tulip_PNG9011,5,0.115295099001816,0.992822604593309,0.33125
tulip_PNG9011,6,0.11310821652283734,1.0003510306490038,0.22413793103448276
tulip_PNG9011,7,0.1106311377970201,0.9934153252899419,0.24242424242424243
tulip_PNG9011,8,0.10584029706726111,0.9924830838880516,0.25
tulip_PNG9011,9,0.0997728531171046,0.9504800748780442,0.2
dickens,1,0.41597139685606377,0.9234476293529673,0.5620915032679739
dickens,2,0.4013580253454372,0.9303244771612461,0.5737704918032787
dickens,3,0.3954816145211856,0.9591591888850631,0.5
dickens,4,0.39185883349296136,0.973176488017064,0.6282051282051282
dickens,5,0.3843192301435789,0.9892362571105682,0.4393939393939394
dickens,6,0.3814846799286452,1.0012295650790128,0.32727272727272727
dickens,7,0.37969472685948,0.9996861465068106,0.3409090909090909
dickens,8,0.36762990944470053,0.9689527918903802,0.9285714285714286
dickens,9,0.3630073683981254,0.9567692781510538,1.3
nci,1,0.12161901706367259,0.8804103092961442,0.6686046511627907
nci,2,0.11638387652892274,0.9049166439380053,0.6603174603174603
nci,3,0.11283064972911128,0.940572737515388,0.6370106761565836
nci,4,0.10760653637800828,0.9683454661364583,0.5396825396825397
nci,5,0.09972546783199161,0.9855937023478053,0.4824561403508772
nci,6,0.09475402600239707,0.9878527314187494,0.45555555555555555
nci,7,0.0931647704132914,0.9894427751504817,0.48905109489051096
nci,8,0.09866766288826677,1.0858473547836924,1.3478260869565217
nci,9,0.09268815765415445,1.034564695409537,1.1333333333333333
ooffice,1,0.518518440256741,0.9689598130863831,0.5350877192982456
ooffice,2,0.5126875104027963,0.9727213235280512,0.5238095238095238
ooffice,3,0.5101924647345206,0.982315945755464,0.46808510638297873
ooffice,4,0.5086398473909787,0.9907395886463792,0.4772727272727273
ooffice,5,0.5023798021908289,0.9910410728651925,0.39473684210526316
ooffice,6,0.5013400101947404,0.9941876731739456,0.3188405797101449
ooffice,7,0.5007551779918442,0.9942175004679442,0.3064516129032258
ooffice,8,0.49354311438914783,0.9806208998452062,0.6363636363636364
ooffice,9,0.4885492845476864,0.9707256197818616,0.8125
mozilla,1,0.3865404424167833,0.9613423939416569,0.5324675324675324
mozilla,2,0.3808639630085466,0.9628602069464602,0.5323741007194245
mozilla,3,0.37821051266993205,0.968507218562263,0.453125
mozilla,4,0.37599633974535185,0.985940501118549,0.4827586206896552
mozilla,5,0.3713358211402939,0.9888867733943483,0.39805825242718446
mozilla,6,0.3700220888207217,0.9918734004075362,0.3111111111111111
mozilla,7,0.3690187011133047,0.9908368125099699,0.32857142857142857
mozilla,8,0.36395865481932227,0.9780356998769306,0.5454545454545454
mozilla,9,0.3596742162509996,0.9664921131419933,0.47058823529411764
required_block_states.nbt,1,0.11316322527592737,1.0049829991792707,0.8838709677419355
required_block_states.nbt,2,0.10178004269990117,0.9719833214758513,0.8603896103896104
required_block_states.nbt,3,0.09536374129593446,0.9783767571908166,0.8576388888888888
required_block_states.nbt,4,0.0890549440601118,0.958118582849722,0.6627906976744186
required_block_states.nbt,5,0.08633622022888958,1.003782562933076,0.6322314049586777
required_block_states.nbt,6,0.07698335760035609,1.0821612736455586,0.5282051282051282
required_block_states.nbt,7,0.07059440374793478,1.0111297206764276,0.6511627906976745
required_block_states.nbt,8,0.08687091201255347,1.2801200633667769,1.7
required_block_states.nbt,9,0.08388248474195227,1.2360142289414446,2.0454545454545454
foo.js,1,0.2577556799652961,0.906243167286166,0.6
foo.js,2,0.24659672284317546,0.912929219193082,0.6033519553072626
foo.js,3,0.240456793737515,0.9265021302459864,0.5576923076923077
foo.js,4,0.23629626371359536,0.9800514598103913,0.6
foo.js,5,0.23111797370205267,0.9967162929433004,0.4954954954954955
foo.js,6,0.2285819160279755,1.0038367771072298,0.3956043956043956
foo.js,7,0.22743978000609746,1.0012620192307693,0.44285714285714284
foo.js,8,0.22170179784040733,0.9775878328216858,1.1
foo.js,9,0.2193128679141684,0.9670991906895859,1.4285714285714286
samba,1,0.2747948293098341,0.9360718772796478,0.5952380952380952
samba,2,0.26617113447867297,0.9370644935330167,0.6137566137566137
samba,3,0.2618856912766588,0.9438017965304352,0.5459770114942529
samba,4,0.2588738059093602,0.9860381522883087,0.56
samba,5,0.25334896141883884,0.9901392319110119,0.496
samba,6,0.25146465861966827,0.9931818493404222,0.4411764705882353
samba,7,0.2503880794579384,0.9953895488959333,0.4691358024691358
samba,8,0.2474637144549763,0.9861340347743749,1.0
samba,9,0.24422981153732226,0.9735666629337177,1.2777777777777777
sao,1,0.7578609266701453,0.9868544263737448,0.48484848484848486
sao,2,0.7515981921537177,0.9900115156733036,0.5060240963855421
sao,3,0.7489169800539001,0.9980616180527531,0.4666666666666667
sao,4,0.7468893857977944,1.0036700926547375,0.5441176470588235
sao,5,0.7395950658195927,0.9982907987347108,0.4262295081967213
sao,6,0.737430680656111,1.0024698995056827,0.35185185185185186
sao,7,0.7363613122219367,1.0017930799271286,0.34
sao,8,0.7272451359249327,0.9897144733755571,0.625
sao,9,0.7244293392226967,0.9858824302134647,0.8421052631578947
reymont,1,0.33359297030632235,0.9291730743447567,0.5542857142857143
reymont,2,0.31624492508301394,0.9262756173125964,0.5510204081632653
reymont,3,0.3068786797203405,0.9507053578023166,0.46218487394957986
reymont,4,0.2994603152280555,0.9649229261234349,0.6559139784946236
reymont,5,0.2910552598215657,0.9958249202749244,0.4444444444444444
reymont,6,0.2849249200492153,1.0118853680128783,0.3275862068965517
reymont,7,0.27944945695030876,1.0036499455624304,0.3333333333333333
reymont,8,0.2663517725881903,0.9645030874839015,0.5
reymont,9,0.2590598566333122,0.9381163272944847,0.75
osdb,1,0.3894945548561704,0.9572158295241527,0.5644171779141104
osdb,2,0.3842189582778917,0.9641395158242485,0.5862068965517241
osdb,3,0.3820626345223586,0.9724307899164414,0.5317460317460317
osdb,4,0.37879969271295827,0.9907484941504809,0.5087719298245614
osdb,5,0.36655382024659905,0.9769603642157209,0.4752475247524752
osdb,6,0.36612539119805854,0.9908517360315431,0.3917525773195876
osdb,7,0.36603000847537953,0.995414795824269,0.3263157894736842
osdb,8,0.3655318766679583,0.9950106946459296,1.1304347826086956
osdb,9,0.3621845578346496,0.9858989912621031,1.8
