file,level,abs_comp_ratio,rel_comp_ratio,rel_comp_time
xml,1,0.17548472671216475,0.9686395066419933,0.7375
xml,2,0.15938566361350576,0.9564610667723462,0.6824034334763949
xml,3,0.15002357219827586,0.9703175876551366,0.6076555023923444
xml,4,0.14153383920019158,0.9326986616169088,0.5454545454545454
xml,5,0.1356638005866858,0.9872690983945803,0.5031847133757962
xml,6,0.12931371228448277,0.9973163193753084,0.41732283464566927
xml,7,0.12552607159961685,0.9884693407032126,0.4742268041237113
xml,8,0.12296231441570882,0.9891910602754158,0.5081967213114754
xml,9,0.12269703364463602,0.9879371793365449,0.5686274509803921
mr,1,0.37690977160369266,0.9821444812305492,0.5950920245398773
mr,2,0.3708918572710631,0.97367112884209,0.6204379562043796
mr,3,0.3675426986878576,0.9970195042228904,0.4789915966386555
mr,4,0.36626533865085265,0.9921853158490315,0.5514018691588785
mr,5,0.3674022853672069,0.9901766431052426,0.37777777777777777
mr,6,0.365548528648931,0.9913909761653803,0.28169014084507044
mr,7,0.3644885083732475,0.9895190093036389,0.2653061224489796
mr,8,0.3638599581728777,0.9901789691342929,0.19230769230769232
mr,9,0.363899574788347,0.9902565076703391,0.2
x-ray,1,0.7157969328222944,1.0045905039600922,0.6086956521739131
x-ray,2,0.7152875066082622,1.0098988621323457,0.5217391304347826
x-ray,3,0.7153007231326939,1.0150099020577894,0.5
x-ray,4,0.7153002511139642,0.9948050967623349,0.37254901960784315
x-ray,5,0.7083305405558492,0.9911256179299966,0.36585365853658536
x-ray,6,0.7083300685371196,0.992478402129612,0.3541666666666667
x-ray,7,0.7083300685371196,0.9924877558555375,0.3333333333333333
x-ray,8,0.706949767766785,0.9905538896215471,0.3953488372093023
x-ray,9,0.706949767766785,0.9905538896215471,0.358974358974359
webster,1,0.3319490240686015,0.9165855234887188,0.5344827586206896
webster,2,0.31951701431663215,0.9277407400040732,0.5978260869565217
webster,3,0.31270901069915286,0.9488477449834137,0.55
webster,4,0.3071222464436478,0.9767889976384408,0.525
webster,5,0.29949675463798275,0.9947600385927011,0.4375
webster,6,0.29567034453538016,1.0003765456304508,0.375
webster,7,0.2930335760865457,0.9981887030448275,0.36585365853658536
webster,8,0.2901036966834201,0.9927216399746969,0.46153846153846156
webster,9,0.2898268187502151,0.9917929225708868,0.5882352941176471
geo.protodata,1,0.14572300738691943,0.9178838901577522,0.951048951048951
geo.protodata,2,0.1393648598509124,0.9225745227196606,0.9635036496350365
geo.protodata,3,0.1361351907444261,0.9217242363688267,0.96
geo.protodata,4,0.13248389381724965,0.9721551884165583,0.6587301587301587
geo.protodata,5,0.13067932674469593,0.9991618310767247,0.75
geo.protodata,6,0.12836880628731406,1.0064793388429751,0.6020408163265306
geo.protodata,7,0.1271629507201403,0.9996685449121644,0.5444444444444444
geo.protodata,8,0.12642088575572571,1.0016034206306788,0.5789473684210527
geo.protodata,9,0.1264124531993119,1.0015366114377338,0.6056338028169014
tulip_PNG9011,1,0.1255931617792023,0.8672150886430824,0.54375
tulip_PNG9011,2,0.12254089587355252,0.8765417159240056,0.4740740740740741
tulip_PNG9011,3,0.12009569969503367,0.9025093882021593,0.3274336283185841
tulip_PNG9011,4,0.11908977279455732,0.9795922736444357,0.44329896907216493
tulip_PNG9011,5,0.11506411319996018,0.9908335527827115,0.30864197530864196
tulip_PNG9011,6,0.11275035119601845,0.9971860002071656,0.22413793103448276
tulip_PNG9011,7,0.10999478817951305,0.9877012065087202,0.24242424242424243
tulip_PNG9011,8,0.10730429158606564,1.0062112180210743,0.2
tulip_PNG9011,9,0.10646038007900364,1.01418839762225,0.08333333333333333
dickens,1,0.4146539505826178,0.9205229267238713,0.5934065934065934
dickens,2,0.4006322917972781,0.9286422691546455,0.6351351351351351
dickens,3,0.394894807389708,0.9577360090668523,0.5
dickens,4,0.3930914129935052,0.976237583715351,0.6491228070175439
dickens,5,0.38480508015445947,0.9904868332165337,0.37735849056603776
dickens,6,0.38149360810937827,1.0012529976281626,0.3488372093023256
dickens,7,0.37951243499352366,0.9992061960620815,0.35135135135135137
dickens,8,0.3773607434368551,0.994600103281235,0.36
dickens,9,0.3772689107207436,0.9943580621295846,0.47619047619047616
nci,1,0.11969945261954473,0.8665144205875246,0.7156398104265402
nci,2,0.11464813821650802,0.89142080125541,0.7107843137254902
nci,3,0.11122506198692861,0.9271883241347013,0.6666666666666666
nci,4,0.10606937678083428,0.9545126491278086,0.5414364640883977
nci,5,0.0995663783554863,0.9840214100381055,0.4723926380368098
nci,6,0.0941189794371338,0.9812320894203024,0.4715447154471545
nci,7,0.09214913699621603,0.9786563894569553,0.4842105263157895
nci,8,0.08944294691647907,0.984328446324904,0.5294117647058824
nci,9,0.08874227370691742,0.9905216123737651,0.32432432432432434
ooffice,1,0.5181161446196738,0.9682080398126975,0.5588235294117647
ooffice,2,0.512500747700982,0.9723669789052386,0.5625
ooffice,3,0.5103818281354028,0.9826805428459479,0.43548387096774194
ooffice,4,0.5091193512816246,0.991673576594452,0.45
ooffice,5,0.5010360534911784,0.9883902693353624,0.42
ooffice,6,0.49994099663989683,0.9914133443700498,0.2653061224489796
ooffice,7,0.4993122776402297,0.991352713753687,0.34285714285714286
ooffice,8,0.4990951192680593,0.9916521793050395,0.3103448275862069
ooffice,9,0.4989676850137317,0.9914265164353092,0.2857142857142857
mozilla,1,0.3845226362579968,0.9563240248647508,0.55
mozilla,2,0.378982371894992,0.9581033662239236,0.37894736842105264
mozilla,3,0.37628557951819275,0.9635779223363372,0.4375
mozilla,4,0.3745169119852059,0.9820611342390873,0.49206349206349204
mozilla,5,0.36926686356707317,0.9833770308314324,0.3389830508474576
mozilla,6,0.3677863815411335,0.9858804106679551,0.29545454545454547
mozilla,7,0.3666726668707517,0.9845375732467091,0.3333333333333333
mozilla,8,0.3661445968487605,0.9839097993504363,0.3333333333333333
mozilla,9,0.3660100412959816,0.9835173116676205,0.3333333333333333
required_block_states.nbt,1,0.11249933988668684,0.9990871480495117,0.8679245283018868
required_block_states.nbt,2,0.10129250186717766,0.9673273835790384,0.8118081180811808
required_block_states.nbt,3,0.09498559066939262,0.9744971507628603,0.8055555555555556
required_block_states.nbt,4,0.08777715328962754,0.9443711700012175,0.5965665236051502
required_block_states.nbt,5,0.08673228821678876,1.0083874221559512,0.5931372549019608
required_block_states.nbt,6,0.0773341606753525,1.087092540795631,0.4583333333333333
required_block_states.nbt,7,0.07053216449269349,1.010238262466908,0.7415730337078652
required_block_states.nbt,8,0.06813783920394106,1.0040715933409299,0.8478260869565217
required_block_states.nbt,9,0.0676691587515937,0.9971097462690715,0.8974358974358975
foo.js,1,0.25561550210756706,0.8987185161878656,0.6242038216560509
foo.js,2,0.2448129884982504,0.9063256310188955,0.648854961832061
foo.js,3,0.23903708680992156,0.9210318689475007,0.5714285714285714
foo.js,4,0.23606116267323535,0.9790763656037091,0.5882352941176471
foo.js,5,0.2309662956114978,0.9960621680316073,0.46236559139784944
foo.js,6,0.22792059955315636,1.0009325499913406,0.375
foo.js,7,0.22660555050804576,0.9975894764957265,0.4423076923076923
foo.js,8,0.22560599189128927,0.9948032665181886,0.4444444444444444
foo.js,9,0.22555138777868952,0.9946090562504181,0.4838709677419355
samba,1,0.27319497926540287,0.9306220853813869,0.6143790849673203
samba,2,0.2648416672837678,0.9323840592473731,0.6170212765957447
samba,3,0.2606579531990521,0.9393771889939743,0.5433070866141733
samba,4,0.25829976303317537,0.9838516499692377,0.5378151260504201
samba,5,0.2510252054946682,0.9810575214788023,0.47959183673469385
samba,6,0.24750273067239337,0.9775338654558184,0.3950617283950617
samba,7,0.24633752036433648,0.9792870084008535,0.5263157894736842
samba,8,0.244635663507109,0.9748643530842325,0.5128205128205128
samba,9,0.2445289358708531,0.9747590541383981,0.5666666666666667
sao,1,0.753998514053611,0.9818249561200716,0.4805194805194805
sao,2,0.7474602672055934,0.9845610058232254,0.4603174603174603
sao,3,0.7448730988545967,0.9926724457940346,0.43636363636363634
sao,4,0.7439241119346757,0.9996853570974581,0.5
sao,5,0.7385940928391063,0.9969397051939579,0.391304347826087
sao,6,0.7362787136800836,1.000903905238039,0.34146341463414637
sao,7,0.7350085714947606,0.9999527248230136,0.37142857142857144
sao,8,0.7347238202611603,0.9998922824302134,0.35294117647058826
sao,9,0.7346463237995219,0.9997868167956838,0.36363636363636365
reymont,1,0.33180413091377026,0.9241905311084277,0.55
reymont,2,0.3147525909124243,0.9219045977468698,0.5614035087719298
reymont,3,0.305697487416258,0.9470460424888206,0.46153846153846156
reymont,4,0.30121399649505176,0.9705736490192188,0.5647058823529412
reymont,5,0.2906163113784671,0.9943230893215121,0.4
reymont,6,0.284096063466905,1.0089417579991382,0.29411764705882354
reymont,7,0.27800691754981965,0.9984690280306064,0.3
reymont,8,0.27453471314138306,0.9941348460847884,0.3125
reymont,9,0.2739685616946639,0.9921042350260506,0.45454545454545453
osdb,1,0.3883315202022986,0.9543575734404899,0.5630252100840336
osdb,2,0.38377446685817246,0.9630241316586233,0.6354166666666666
osdb,3,0.3817967130439542,0.9717539631086489,0.5463917525773195
osdb,4,0.37892848913370675,0.9910853604741957,0.5222222222222223
osdb,5,0.3667655064346652,0.9775245624424735,0.425
osdb,6,0.3661607879049155,0.9909475307764097,0.4142857142857143
osdb,7,0.3660864250753841,0.995568220180399,0.32432432432432434
osdb,8,0.36562091376251726,0.9952530616375965,0.328125
osdb,9,0.36562061631119913,0.9952522519483148,0.3230769230769231
